{
 "cells": [
  {
   "cell_type": "code",
   "execution_count": 1,
   "id": "a6d871fb",
   "metadata": {},
   "outputs": [],
   "source": [
    "import sys\n",
    "sys.path.append('/home/jam1042/anaconda3/envs/skl_pys/lib/python3.9/site-packages/')\n",
    "import numpy as np\n",
    "from qmlearn.model import QMModel\n",
    "from qmlearn.drivers.mol import QMMol\n",
    "from qmlearn.preprocessing import get_train_atoms\n",
    "from qmlearn.io.hdf5 import DBHDF5\n",
    "from ase import Atoms\n",
    "from ase.visualize import view"
   ]
  },
  {
   "cell_type": "code",
   "execution_count": 2,
   "id": "78151106",
   "metadata": {},
   "outputs": [
    {
     "data": {
      "text/plain": [
       "'Data set _b:Bigger Basis cc-ptvz, _s: small basis, base_name: small stepsize'"
      ]
     },
     "execution_count": 2,
     "metadata": {},
     "output_type": "execute_result"
    }
   ],
   "source": [
    "# npoints = 150\n",
    "# R_begin=0.3\n",
    "# R_end=4.5\n",
    "# R = np.linspace(start=R_begin,stop=R_end,num=npoints)\n",
    "HARTREE_TO_eV = 27.311285\n",
    "\n",
    "'''Data set _b:Bigger Basis cc-ptvz, _s: small basis, base_name: small stepsize'''"
   ]
  },
  {
   "cell_type": "code",
   "execution_count": 3,
   "id": "e1101726",
   "metadata": {},
   "outputs": [],
   "source": [
    "npoints_1=50\n",
    "R1_begin=0.05\n",
    "R1_end=0.7\n",
    "R1=np.linspace(start=R1_begin,stop=R1_end,num=npoints_1)\n",
    "\n",
    "npoints_2 = 130\n",
    "R2_begin=0.7\n",
    "R2_end=4.5\n",
    "R2 = np.linspace(start=R2_begin,stop=R2_end,num=npoints_2)\n",
    "\n",
    "R=np.concatenate([R1,R2])\n",
    "npoints=npoints_1+npoints_2\n",
    "# np.shape(R)"
   ]
  },
  {
   "cell_type": "code",
   "execution_count": 4,
   "id": "41b8621e",
   "metadata": {},
   "outputs": [],
   "source": [
    "HARTREE_TO_eV = 27.311285"
   ]
  },
  {
   "cell_type": "code",
   "execution_count": 5,
   "id": "25d30527",
   "metadata": {},
   "outputs": [
    {
     "data": {
      "text/plain": [
       "162"
      ]
     },
     "execution_count": 5,
     "metadata": {},
     "output_type": "execute_result"
    }
   ],
   "source": [
    "split=int(npoints*0.9)\n",
    "split"
   ]
  },
  {
   "cell_type": "code",
   "execution_count": 6,
   "id": "db9b159b",
   "metadata": {},
   "outputs": [],
   "source": [
    "# Geometries to work with for LiH\n",
    "mol_LiH=\"Li 0 0 0; H 0 0 \"\n",
    "mol_stra_LiH = []\n",
    "for i in np.arange(npoints):\n",
    "    mol_stra_LiH.append(str(mol_LiH)+str(R[i]))"
   ]
  },
  {
   "cell_type": "code",
   "execution_count": 7,
   "id": "a891c7b2",
   "metadata": {},
   "outputs": [],
   "source": [
    "#Keep all the geometries in ASE format\n",
    "liH_atoms=[]\n",
    "for i in np.arange(npoints):\n",
    "    liH_atoms.append(Atoms('LiH',positions=[(0,0,0),(0,0,R[i])]))\n",
    "# liH_atoms    "
   ]
  },
  {
   "cell_type": "code",
   "execution_count": 8,
   "id": "c8a7acec",
   "metadata": {},
   "outputs": [],
   "source": [
    "# for i in np.arange(0,len(liH_atoms)):\n",
    "#     print(i)\n",
    "#     print(liH_atoms[i].get_positions())"
   ]
  },
  {
   "cell_type": "code",
   "execution_count": 9,
   "id": "58b43c7e",
   "metadata": {},
   "outputs": [],
   "source": [
    "# Properties to be calculated\n",
    "prop = ['vext', 'gamma','gamma2', 'energy', 'ke', 'dipole']\n",
    "# prop = ['vext', 'gamma', 'energy', 'ke', 'dipole']\n",
    "properties= { k: [] for k in prop}\n",
    "test_data = { k: [] for k in prop}"
   ]
  },
  {
   "cell_type": "markdown",
   "id": "e028c1b4",
   "metadata": {},
   "source": [
    "#### Creating Data Based for LiH"
   ]
  },
  {
   "cell_type": "code",
   "execution_count": 10,
   "id": "03ff6a66",
   "metadata": {},
   "outputs": [
    {
     "data": {
      "text/plain": [
       "162"
      ]
     },
     "execution_count": 10,
     "metadata": {},
     "output_type": "execute_result"
    }
   ],
   "source": [
    "# Defining the Training SET\n",
    "train_atoms=liH_atoms[0:split]  # Zero to Five Geometries for LiH\n",
    "nsamples = len(train_atoms)\n",
    "nsamples"
   ]
  },
  {
   "cell_type": "code",
   "execution_count": 11,
   "id": "2de140f4",
   "metadata": {},
   "outputs": [],
   "source": [
    "#Keep a Ref qmmol\n",
    "basis='6-31g*'\n",
    "method = 'fci'\n",
    "# method = 'hf'\n",
    "refqmmol = QMMol(atoms = liH_atoms[0],  method = method, basis=basis)"
   ]
  },
  {
   "cell_type": "code",
   "execution_count": 12,
   "id": "a5924441",
   "metadata": {},
   "outputs": [],
   "source": [
    "def gamma2props(qmmol, gamma,gamma2, etotal, p, prop=[]):\n",
    "# def gamma2props(qmmol, gamma,etotal, p, prop=[]):\n",
    "    if 'vext' in prop:\n",
    "        p['vext'].append(qmmol.engine.vext)\n",
    "    if 'gamma' in prop:\n",
    "        p['gamma'].append(gamma)\n",
    "    if 'gamma2' in prop:\n",
    "        p['gamma2'].append(gamma2)\n",
    "    if 'energy' in prop:\n",
    "        p['energy'].append(etotal)\n",
    "    if 'ke' in prop:\n",
    "        p['ke'].append(qmmol.calc_ke(gamma))\n",
    "    if 'dipole' in prop:\n",
    "        p['dipole'].append(qmmol.calc_dipole(gamma))\n",
    "    return p"
   ]
  },
  {
   "cell_type": "code",
   "execution_count": 13,
   "id": "0767fc07",
   "metadata": {
    "scrolled": true
   },
   "outputs": [],
   "source": [
    "# Obtaining properties or feature for Train_Atoms\n",
    "\n",
    "for atoms in train_atoms:\n",
    "    qmmol = refqmmol.duplicate(atoms)\n",
    "    qmmol.run()\n",
    "    pp=properties\n",
    "    gamma=qmmol.engine.gamma\n",
    "    gamma2=qmmol.engine.gammat\n",
    "    etotal=qmmol.engine.etotal\n",
    "    gamma2props(qmmol, gamma, gamma2, etotal, pp, prop=prop[:-1])\n",
    "#     gamma2props(qmmol, gamma, etotal, pp, prop=prop[:-1])\n",
    "    pp['energy'][-1] = qmmol.engine.etotal\n",
    "\n",
    "    #change gamma2 to 2gamma"
   ]
  },
  {
   "cell_type": "code",
   "execution_count": 14,
   "id": "e791048a",
   "metadata": {},
   "outputs": [
    {
     "data": {
      "text/plain": [
       "18"
      ]
     },
     "execution_count": 14,
     "metadata": {},
     "output_type": "execute_result"
    }
   ],
   "source": [
    "test_atoms = liH_atoms[split:]\n",
    "nsamples = len(test_atoms)\n",
    "nsamples"
   ]
  },
  {
   "cell_type": "code",
   "execution_count": 15,
   "id": "348d52ff",
   "metadata": {
    "scrolled": true
   },
   "outputs": [],
   "source": [
    "for atoms in test_atoms:\n",
    "    qmmol = refqmmol.duplicate(atoms)\n",
    "    qmmol.run()\n",
    "    p = test_data\n",
    "    gamma = qmmol.engine.gamma\n",
    "    gamma2=qmmol.engine.gammat\n",
    "    etotal=qmmol.engine.etotal\n",
    "    gamma2props(qmmol, gamma, gamma2, etotal, p, prop=prop[:-1])\n",
    "#     gamma2props(qmmol, gamma, etotal, p, prop=prop[:-1])\n",
    "    p['energy'][-1] = qmmol.engine.etotal"
   ]
  },
  {
   "cell_type": "code",
   "execution_count": 16,
   "id": "07122d13",
   "metadata": {},
   "outputs": [],
   "source": [
    "dbfile = 'LiH_QML_set_f.hdf5'\n",
    "db = DBHDF5(dbfile, qmmol=refqmmol)"
   ]
  },
  {
   "cell_type": "code",
   "execution_count": 17,
   "id": "e0e48185",
   "metadata": {},
   "outputs": [],
   "source": [
    "input_options={\n",
    "    'basis': basis,\n",
    "    'method': method,\n",
    "}"
   ]
  },
  {
   "cell_type": "code",
   "execution_count": 18,
   "id": "264e4fbc",
   "metadata": {},
   "outputs": [
    {
     "data": {
      "text/plain": [
       "['fci',\n",
       " 'fci/qmmol',\n",
       " 'fci/test_atoms_18',\n",
       " 'fci/test_props_18',\n",
       " 'fci/train_atoms_162',\n",
       " 'fci/train_props_162']"
      ]
     },
     "execution_count": 18,
     "metadata": {},
     "output_type": "execute_result"
    }
   ],
   "source": [
    "properties['input_options']=input_options\n",
    "db.write_qmmol(refqmmol)\n",
    "db.write_images(train_atoms, prefix='train')\n",
    "db.write_properties(properties, prefix='train')\n",
    "db.write_images(test_atoms, prefix='test')\n",
    "db.write_properties(test_data, prefix='test')\n",
    "db.names"
   ]
  },
  {
   "cell_type": "code",
   "execution_count": 19,
   "id": "ba9e3601",
   "metadata": {},
   "outputs": [],
   "source": [
    "db.close()"
   ]
  },
  {
   "cell_type": "code",
   "execution_count": 20,
   "id": "8433b629",
   "metadata": {},
   "outputs": [
    {
     "data": {
      "text/plain": [
       "array([17.73807709, 11.27536108,  7.11802818])"
      ]
     },
     "execution_count": 20,
     "metadata": {},
     "output_type": "execute_result"
    }
   ],
   "source": [
    "db = DBHDF5(dbfile, qmmol=refqmmol)\n",
    "data = db.read_properties(db.get_names('*/train_props_*')[0])\n",
    "db.close()\n",
    "\n",
    "data['energy'][:3]"
   ]
  },
  {
   "cell_type": "markdown",
   "id": "fc02b78d",
   "metadata": {},
   "source": [
    "#### Creating Data Based for H2"
   ]
  },
  {
   "cell_type": "code",
   "execution_count": 21,
   "id": "1200c493",
   "metadata": {},
   "outputs": [],
   "source": [
    "# Geometries to work with for H2 \n",
    "mol_h2=\"H 0 0 0; H 0 0 \"\n",
    "mol_stra_h2 = []\n",
    "for i in np.arange(npoints):\n",
    "    mol_stra_h2.append(str(mol_h2)+str(R[i]))"
   ]
  },
  {
   "cell_type": "code",
   "execution_count": 22,
   "id": "4d435a2f",
   "metadata": {},
   "outputs": [],
   "source": [
    "H2_atoms=[]\n",
    "for i in np.arange(npoints):\n",
    "    H2_atoms.append(Atoms('HH',positions=[(0,0,0),(0,0,R[i])]))"
   ]
  },
  {
   "cell_type": "code",
   "execution_count": 23,
   "id": "ffa1c3f3",
   "metadata": {},
   "outputs": [],
   "source": [
    "prop = ['vext', 'gamma','gamma2', 'energy', 'ke', 'dipole']\n",
    "\n",
    "properties= { k: [] for k in prop}\n",
    "test_data = { k: [] for k in prop}"
   ]
  },
  {
   "cell_type": "code",
   "execution_count": 24,
   "id": "3bb19c9f",
   "metadata": {},
   "outputs": [
    {
     "data": {
      "text/plain": [
       "162"
      ]
     },
     "execution_count": 24,
     "metadata": {},
     "output_type": "execute_result"
    }
   ],
   "source": [
    "# Defining the Training SET\n",
    "train_atoms=H2_atoms[0:split]  # Zero to Five Geometries for H2\n",
    "nsamples = len(train_atoms)\n",
    "nsamples"
   ]
  },
  {
   "cell_type": "code",
   "execution_count": 25,
   "id": "41f80414",
   "metadata": {},
   "outputs": [],
   "source": [
    "#Keep a Ref qmmol\n",
    "basis='6-31g*'\n",
    "method = 'fci'\n",
    "# method= 'hf'\n",
    "refqmmol = QMMol(atoms = H2_atoms[0],  method = method, basis=basis)"
   ]
  },
  {
   "cell_type": "code",
   "execution_count": 26,
   "id": "2b9a91f7",
   "metadata": {},
   "outputs": [],
   "source": [
    "def gamma2props(qmmol, gamma,gamma2, etotal, p, prop=[]):\n",
    "# def gamma2props(qmmol, gamma, etotal, p, prop=[]):\n",
    "    if 'vext' in prop:\n",
    "        p['vext'].append(qmmol.engine.vext)\n",
    "    if 'gamma' in prop:\n",
    "        p['gamma'].append(gamma)\n",
    "    if 'gamma2' in prop:\n",
    "        p['gamma2'].append(gamma2)\n",
    "    if 'energy' in prop:\n",
    "        p['energy'].append(etotal)\n",
    "    if 'ke' in prop:\n",
    "        p['ke'].append(qmmol.calc_ke(gamma))\n",
    "    if 'dipole' in prop:\n",
    "        p['dipole'].append(qmmol.calc_dipole(gamma))\n",
    "    return p"
   ]
  },
  {
   "cell_type": "code",
   "execution_count": 27,
   "id": "ca46d961",
   "metadata": {
    "scrolled": true
   },
   "outputs": [],
   "source": [
    "# Obtaining properties or feature for Train_Atoms\n",
    "\n",
    "for atoms in train_atoms:\n",
    "    qmmol = refqmmol.duplicate(atoms)\n",
    "    qmmol.run()\n",
    "    pp=properties\n",
    "    gamma=qmmol.engine.gamma\n",
    "    gamma2=qmmol.engine.gammat\n",
    "    etotal=qmmol.engine.etotal\n",
    "    gamma2props(qmmol, gamma, gamma2, etotal, pp, prop=prop[:-1])\n",
    "#     gamma2props(qmmol, gamma, etotal, pp, prop=prop[:-1])\n",
    "    pp['energy'][-1] = qmmol.engine.etotal"
   ]
  },
  {
   "cell_type": "code",
   "execution_count": 28,
   "id": "e8486cfd",
   "metadata": {},
   "outputs": [
    {
     "data": {
      "text/plain": [
       "18"
      ]
     },
     "execution_count": 28,
     "metadata": {},
     "output_type": "execute_result"
    }
   ],
   "source": [
    "test_atoms = H2_atoms[split:]\n",
    "nsamples = len(test_atoms)\n",
    "nsamples"
   ]
  },
  {
   "cell_type": "code",
   "execution_count": 29,
   "id": "8a749b3d",
   "metadata": {
    "scrolled": true
   },
   "outputs": [],
   "source": [
    "for atoms in test_atoms:\n",
    "    qmmol = refqmmol.duplicate(atoms)\n",
    "    qmmol.run()\n",
    "    p = test_data\n",
    "    gamma = qmmol.engine.gamma\n",
    "    gamma2=qmmol.engine.gammat\n",
    "    etotal=qmmol.engine.etotal\n",
    "    gamma2props(qmmol, gamma, gamma2, etotal, p, prop=prop[:-1])\n",
    "#     gamma2props(qmmol, gamma, etotal, p, prop=prop[:-1])\n",
    "    p['energy'][-1] = qmmol.engine.etotal"
   ]
  },
  {
   "cell_type": "code",
   "execution_count": 30,
   "id": "7baf080d",
   "metadata": {},
   "outputs": [],
   "source": [
    "dbfile = 'H2_QML_set_f.hdf5'\n",
    "db = DBHDF5(dbfile, qmmol=refqmmol)"
   ]
  },
  {
   "cell_type": "code",
   "execution_count": 31,
   "id": "62f3cb85",
   "metadata": {},
   "outputs": [],
   "source": [
    "input_options={\n",
    "    'basis': basis,\n",
    "    'method': method,\n",
    "}"
   ]
  },
  {
   "cell_type": "code",
   "execution_count": 32,
   "id": "57cced0b",
   "metadata": {},
   "outputs": [
    {
     "data": {
      "text/plain": [
       "['fci',\n",
       " 'fci/qmmol',\n",
       " 'fci/test_atoms_18',\n",
       " 'fci/test_props_18',\n",
       " 'fci/train_atoms_162',\n",
       " 'fci/train_props_162']"
      ]
     },
     "execution_count": 32,
     "metadata": {},
     "output_type": "execute_result"
    }
   ],
   "source": [
    "properties['input_options']=input_options\n",
    "db.write_qmmol(refqmmol)\n",
    "db.write_images(train_atoms, prefix='train')\n",
    "db.write_properties(properties, prefix='train')\n",
    "db.write_images(test_atoms, prefix='test')\n",
    "db.write_properties(test_data, prefix='test')\n",
    "db.names"
   ]
  },
  {
   "cell_type": "code",
   "execution_count": 33,
   "id": "3eff406f",
   "metadata": {},
   "outputs": [],
   "source": [
    "db.close()"
   ]
  },
  {
   "cell_type": "code",
   "execution_count": 34,
   "id": "686d7d5f",
   "metadata": {},
   "outputs": [
    {
     "data": {
      "text/plain": [
       "7"
      ]
     },
     "execution_count": 34,
     "metadata": {},
     "output_type": "execute_result"
    }
   ],
   "source": [
    "db = DBHDF5(dbfile, qmmol=refqmmol)\n",
    "data = db.read_properties(db.get_names('*/train_props_*')[0])\n",
    "db.close()\n",
    "\n",
    "len(data)"
   ]
  },
  {
   "cell_type": "code",
   "execution_count": 35,
   "id": "4c3ba03c",
   "metadata": {},
   "outputs": [
    {
     "data": {
      "text/plain": [
       "{'dipole': array([], dtype=float64),\n",
       " 'energy': array([ 7.8153786 ,  5.60640499,  4.16863264,  3.16088494,  2.41751909,\n",
       "         1.84835325,  1.40005907,  1.03906483,  0.74317336,  0.49711657,\n",
       "         0.29004495,  0.11403513, -0.03683611, -0.1670873 , -0.28022701,\n",
       "        -0.37902257, -0.465687  , -0.54201183, -0.60946315, -0.66925226,\n",
       "        -0.72238848, -0.76971921, -0.81196077, -0.84972245, -0.88352547,\n",
       "        -0.91381807, -0.94098769, -0.96537075, -0.9872607 , -1.00691457,\n",
       "        -1.02455831, -1.04039132, -1.05459013, -1.06731148, -1.07869497,\n",
       "        -1.0888652 , -1.0979337 , -1.10600048, -1.11315544, -1.11947953,\n",
       "        -1.1250458 , -1.12992027, -1.13416274, -1.13782744, -1.14096365,\n",
       "        -1.14361624, -1.1458261 , -1.14763054, -1.1490637 , -1.15015683,\n",
       "        -1.15015683, -1.15150881, -1.1515958 , -1.15064562, -1.14884823,\n",
       "        -1.14636245, -1.14332143, -1.13983691, -1.13600285, -1.13189827,\n",
       "        -1.12758969, -1.12313316, -1.11857593, -1.11395786, -1.10931259,\n",
       "        -1.10466849, -1.10004951, -1.09547586, -1.09096454, -1.08652983,\n",
       "        -1.08218372, -1.0779362 , -1.07379553, -1.06976855, -1.06586078,\n",
       "        -1.06207666, -1.05841966, -1.05489239, -1.05149671, -1.04823377,\n",
       "        -1.04510414, -1.04210781, -1.03924426, -1.03651248, -1.03391104,\n",
       "        -1.03143809, -1.02909138, -1.02686835, -1.02476609, -1.02278142,\n",
       "        -1.0209109 , -1.01915085, -1.01749743, -1.01594661, -1.01449427,\n",
       "        -1.01313616, -1.01186801, -1.01068551, -1.00958435, -1.00856024,\n",
       "        -1.00760896, -1.00672638, -1.00590843, -1.00515118, -1.00445083,\n",
       "        -1.00380372, -1.00320631, -1.00265526, -1.00214735, -1.00167956,\n",
       "        -1.00124899, -1.00085294, -1.00048884, -1.00015429, -0.99984704,\n",
       "        -0.99956499, -0.99930618, -0.99906876, -0.99885105, -0.99865146,\n",
       "        -0.99846852, -0.99830088, -0.99814728, -0.99800657, -0.99787767,\n",
       "        -0.9977596 , -0.99765146, -0.9975524 , -0.99746166, -0.99737854,\n",
       "        -0.99730239, -0.99723261, -0.99716867, -0.99711007, -0.99705635,\n",
       "        -0.9970071 , -0.99696194, -0.99692051, -0.99688251, -0.99684764,\n",
       "        -0.99681564, -0.99678626, -0.9967593 , -0.99673454, -0.9967118 ,\n",
       "        -0.99669092, -0.99667175, -0.99665413, -0.99663796, -0.9966231 ,\n",
       "        -0.99660946, -0.99659693, -0.99658543, -0.99657488, -0.9965652 ,\n",
       "        -0.99655631, -0.99654817, -0.9965407 , -0.99653386, -0.9965276 ,\n",
       "        -0.99652187, -0.99651663]),\n",
       " 'gamma': array([[[ 1.99432212e+00,  5.23921291e-12,  9.34317846e-03,\n",
       "          -4.27370224e-14],\n",
       "         [ 5.23921291e-12,  5.51269021e-04,  5.50086579e-14,\n",
       "          -8.06952621e-04],\n",
       "         [ 9.34317846e-03,  5.50086579e-14,  3.79860061e-03,\n",
       "          -7.57405343e-15],\n",
       "         [-4.27370224e-14, -8.06952621e-04, -7.57405343e-15,\n",
       "           1.32801420e-03]],\n",
       " \n",
       "        [[ 1.99419526e+00,  4.44698287e-13,  9.36635188e-03,\n",
       "           1.06813516e-13],\n",
       "         [ 4.44698287e-13,  5.69661385e-04,  4.27960278e-15,\n",
       "           8.31407883e-04],\n",
       "         [ 9.36635188e-03,  4.27960278e-15,  3.87262372e-03,\n",
       "           4.72111034e-16],\n",
       "         [ 1.06813516e-13,  8.31407883e-04,  4.72111034e-16,\n",
       "           1.36245412e-03]],\n",
       " \n",
       "        [[ 1.99404243e+00,  6.09019283e-13,  9.38809594e-03,\n",
       "          -3.38288473e-14],\n",
       "         [ 6.09019283e-13,  5.92403722e-04,  6.85175828e-15,\n",
       "           8.61502852e-04],\n",
       "         [ 9.38809594e-03,  6.85175828e-15,  3.96059661e-03,\n",
       "           1.15150304e-15],\n",
       "         [-3.38288473e-14,  8.61502852e-04,  1.15150304e-15,\n",
       "           1.40457313e-03]],\n",
       " \n",
       "        ...,\n",
       " \n",
       "        [[ 1.02203772e+00,  7.48488061e-15,  8.69340091e-02,\n",
       "           1.41908912e-13],\n",
       "         [ 7.48488061e-15,  9.63949456e-01, -1.10373087e-13,\n",
       "           7.98725962e-02],\n",
       "         [ 8.69340091e-02, -1.10373087e-13,  7.39458474e-03,\n",
       "           2.87246985e-15],\n",
       "         [ 1.41908912e-13,  7.98725962e-02,  2.87246985e-15,\n",
       "           6.61824141e-03]],\n",
       " \n",
       "        [[ 1.02047297e+00,  4.07228265e-15,  8.67562269e-02,\n",
       "           8.42587134e-14],\n",
       "         [ 4.07228265e-15,  9.65515348e-01, -6.64394205e-14,\n",
       "           8.00447839e-02],\n",
       "         [ 8.67562269e-02, -6.64394205e-14,  7.37566064e-03,\n",
       "           1.62654605e-15],\n",
       "         [ 8.42587134e-14,  8.00447839e-02,  1.62654605e-15,\n",
       "           6.63602458e-03]],\n",
       " \n",
       "        [[ 1.01898269e+00,  1.51075241e-14,  8.65849441e-02,\n",
       "           3.51950346e-13],\n",
       "         [ 1.51075241e-14,  9.67006737e-01, -2.80981855e-13,\n",
       "           8.02105874e-02],\n",
       "         [ 8.65849441e-02, -2.80981855e-13,  7.35730768e-03,\n",
       "           6.49275171e-15],\n",
       "         [ 3.51950346e-13,  8.02105874e-02,  6.49275171e-15,\n",
       "           6.65326529e-03]]]),\n",
       " 'gamma2': array([[[[[-4.78315483e-05,  2.68685815e-12,  5.09515161e-03,\n",
       "            -8.51859918e-14],\n",
       "           [ 2.68685815e-12,  1.41197524e-23,  2.59878318e-14,\n",
       "            -2.83519838e-25],\n",
       "           [ 5.09515161e-03,  2.59878318e-14,  4.78315483e-05,\n",
       "            -5.21839059e-16],\n",
       "           [-8.51859918e-14, -2.83519838e-25, -5.21839059e-16,\n",
       "             5.69393207e-27]],\n",
       " \n",
       "          [[ 2.68685815e-12, -2.38526173e-02, -5.21277236e-13,\n",
       "             2.30311589e-02],\n",
       "           [-9.97436693e-01, -2.68307469e-12, -4.67158923e-03,\n",
       "             8.26509689e-14],\n",
       "           [-1.51649719e-15, -1.16815592e-04, -2.55289842e-15,\n",
       "             1.12792589e-04],\n",
       "           [ 4.03476310e-04,  1.27445046e-15,  2.78541788e-26,\n",
       "            -1.23055976e-15]],\n",
       " \n",
       "          [[ 5.09515161e-03, -5.21277236e-13, -8.64873534e-02,\n",
       "             1.55342747e-14],\n",
       "           [-1.51649719e-15, -1.38705857e-24, -2.30129869e-13,\n",
       "             4.13269158e-26],\n",
       "           [-9.99012527e-01, -2.62215935e-12, -5.09515161e-03,\n",
       "             2.14445886e-14],\n",
       "           [ 3.26518766e-15,  2.78497304e-26,  4.62103785e-15,\n",
       "            -8.30917605e-28]],\n",
       " \n",
       "          [[-8.51859918e-14,  2.30311589e-02,  1.55342747e-14,\n",
       "            -4.60216286e-02],\n",
       "           [ 4.03476310e-04,  6.12824577e-14,  4.13418319e-26,\n",
       "            -1.22456648e-13],\n",
       "           [ 3.26518766e-15,  1.12792589e-04,  7.60774164e-17,\n",
       "            -2.25385908e-04],\n",
       "           [-9.97825065e-01, -2.62083702e-12, -4.67158923e-03,\n",
       "             2.38274567e-14]]],\n",
       " \n",
       " \n",
       "         [[[ 2.68685815e-12, -9.97436693e-01, -1.51649719e-15,\n",
       "             4.03476310e-04],\n",
       "           [-2.38526173e-02, -2.68307469e-12, -1.16815592e-04,\n",
       "             1.27445046e-15],\n",
       "           [-5.21277236e-13, -4.67158923e-03, -2.55289842e-15,\n",
       "             2.78541788e-26],\n",
       "           [ 2.30311589e-02,  8.26509689e-14,  1.12792589e-04,\n",
       "            -1.23055976e-15]],\n",
       " \n",
       "          [[ 1.41197524e-23, -2.68307469e-12, -1.38705857e-24,\n",
       "             6.12824577e-14],\n",
       "           [-2.68307469e-12, -2.65978599e-04, -2.12695665e-14,\n",
       "             1.28010982e-04],\n",
       "           [-1.38705857e-24, -2.12695665e-14,  1.36262103e-25,\n",
       "            -6.02004395e-15],\n",
       "           [ 6.12824577e-14,  1.28010982e-04, -6.02004395e-15,\n",
       "             2.65978599e-04]],\n",
       " \n",
       "          [[ 2.59878318e-14, -4.67158923e-03, -2.30129869e-13,\n",
       "             4.13418319e-26],\n",
       "           [-1.16815592e-04, -2.12695665e-14,  1.03443632e-03,\n",
       "            -1.85798470e-16],\n",
       "           [-2.62215935e-12, -2.17493482e-03, -4.89766504e-15,\n",
       "             4.03476310e-04],\n",
       "           [ 1.12792589e-04, -2.23301724e-15, -9.98811443e-04,\n",
       "             1.79399770e-16]],\n",
       " \n",
       "          [[-2.83519838e-25,  8.26509689e-14,  4.13269158e-26,\n",
       "            -1.22456648e-13],\n",
       "           [ 1.27445046e-15,  1.28010982e-04, -1.85798470e-16,\n",
       "             5.50443991e-04],\n",
       "           [ 2.78497304e-26, -2.23301724e-15, -4.05754838e-27,\n",
       "             1.20294523e-14],\n",
       "           [-2.62083702e-12, -6.73663015e-04, -2.73249292e-14,\n",
       "            -1.28010982e-04]]],\n",
       " \n",
       " \n",
       "         [[[ 5.09515161e-03, -1.51649719e-15, -9.99012527e-01,\n",
       "             3.26518766e-15],\n",
       "           [-5.21277236e-13, -1.38705857e-24, -2.62215935e-12,\n",
       "             2.78497304e-26],\n",
       "           [-8.64873534e-02, -2.30129869e-13, -5.09515161e-03,\n",
       "             4.62103785e-15],\n",
       "           [ 1.55342747e-14,  4.13269158e-26,  2.14445886e-14,\n",
       "            -8.30917605e-28]],\n",
       " \n",
       "          [[ 2.59878318e-14, -1.16815592e-04, -2.62215935e-12,\n",
       "             1.12792589e-04],\n",
       "           [-4.67158923e-03, -2.12695665e-14, -2.17493482e-03,\n",
       "            -2.23301724e-15],\n",
       "           [-2.30129869e-13,  1.03443632e-03, -4.89766504e-15,\n",
       "            -9.98811443e-04],\n",
       "           [ 4.13418319e-26, -1.85798470e-16,  4.03476310e-04,\n",
       "             1.79399770e-16]],\n",
       " \n",
       "          [[ 4.78315483e-05, -2.55289842e-15, -5.09515161e-03,\n",
       "             7.60774164e-17],\n",
       "           [-2.55289842e-15,  1.36262103e-25, -4.89766504e-15,\n",
       "            -4.05754838e-27],\n",
       "           [-5.09515161e-03, -4.89766504e-15, -4.78315483e-05,\n",
       "             3.11333889e-15],\n",
       "           [ 7.60774164e-17, -4.05754838e-27,  3.11333889e-15,\n",
       "             1.22203467e-28]],\n",
       " \n",
       "          [[-5.21839059e-16,  1.12792589e-04,  2.14445886e-14,\n",
       "            -2.25385908e-04],\n",
       "           [ 2.78541788e-26, -6.02004395e-15,  4.03476310e-04,\n",
       "             1.20294523e-14],\n",
       "           [ 4.62103785e-15, -9.98811443e-04,  3.11333889e-15,\n",
       "             1.99585829e-03],\n",
       "           [-4.67158923e-03, -2.73249292e-14, -2.56330741e-03,\n",
       "             3.42854412e-15]]],\n",
       " \n",
       " \n",
       "         [[[-8.51859918e-14,  4.03476310e-04,  3.26518766e-15,\n",
       "            -9.97825065e-01],\n",
       "           [ 2.30311589e-02,  6.12824577e-14,  1.12792589e-04,\n",
       "            -2.62083702e-12],\n",
       "           [ 1.55342747e-14,  4.13418319e-26,  7.60774164e-17,\n",
       "            -4.67158923e-03],\n",
       "           [-4.60216286e-02, -1.22456648e-13, -2.25385908e-04,\n",
       "             2.38274567e-14]],\n",
       " \n",
       "          [[-2.83519838e-25,  1.27445046e-15,  2.78497304e-26,\n",
       "            -2.62083702e-12],\n",
       "           [ 8.26509689e-14,  1.28010982e-04, -2.23301724e-15,\n",
       "            -6.73663015e-04],\n",
       "           [ 4.13269158e-26, -1.85798470e-16, -4.05754838e-27,\n",
       "            -2.73249292e-14],\n",
       "           [-1.22456648e-13,  5.50443991e-04,  1.20294523e-14,\n",
       "            -1.28010982e-04]],\n",
       " \n",
       "          [[-5.21839059e-16,  2.78541788e-26,  4.62103785e-15,\n",
       "            -4.67158923e-03],\n",
       "           [ 1.12792589e-04, -6.02004395e-15, -9.98811443e-04,\n",
       "            -2.73249292e-14],\n",
       "           [ 2.14445886e-14,  4.03476310e-04,  3.11333889e-15,\n",
       "            -2.56330741e-03],\n",
       "           [-2.25385908e-04,  1.20294523e-14,  1.99585829e-03,\n",
       "             3.42854412e-15]],\n",
       " \n",
       "          [[ 5.69393207e-27, -1.23055976e-15, -8.30917605e-28,\n",
       "             2.38274567e-14],\n",
       "           [-1.23055976e-15,  2.65978599e-04,  1.79399770e-16,\n",
       "            -1.28010982e-04],\n",
       "           [-8.30917605e-28,  1.79399770e-16,  1.22203467e-28,\n",
       "             3.42854412e-15],\n",
       "           [ 2.38274567e-14, -1.28010982e-04,  3.42854412e-15,\n",
       "            -2.65978599e-04]]]],\n",
       " \n",
       " \n",
       " \n",
       "        [[[[-4.81149806e-05,  2.29378071e-13,  5.11214699e-03,\n",
       "             6.13503677e-14],\n",
       "           [ 2.29378071e-13,  1.02328487e-25,  2.21890042e-15,\n",
       "             2.59960427e-26],\n",
       "           [ 5.11214699e-03,  2.21890042e-15,  4.81149806e-05,\n",
       "             5.63691153e-16],\n",
       "           [ 6.13503677e-14,  2.59960427e-26,  5.63691153e-16,\n",
       "             6.60481322e-27]],\n",
       " \n",
       "          [[ 2.29378071e-13, -2.42461159e-02, -3.85294738e-14,\n",
       "            -2.34118450e-02],\n",
       "           [-9.97382461e-01, -2.27841532e-13, -4.68317594e-03,\n",
       "            -5.87101617e-14],\n",
       "           [ 7.90990289e-17, -1.19097799e-04, -1.89258169e-16,\n",
       "            -1.14999830e-04],\n",
       "           [-4.15703941e-04, -1.39529050e-15, -2.21599508e-27,\n",
       "            -1.34728074e-15]],\n",
       " \n",
       "          [[ 5.11214699e-03, -3.85294738e-14, -8.73305971e-02,\n",
       "             8.10052811e-15],\n",
       "           [ 7.90990289e-17, -8.72867117e-27, -1.97826963e-14,\n",
       "             1.83435421e-27],\n",
       "           [-9.98985827e-01, -2.22538401e-13, -5.11214699e-03,\n",
       "            -5.33669678e-14],\n",
       "           [ 3.27635636e-16, -2.21851385e-27, -5.02561124e-15,\n",
       "             4.65063882e-28]],\n",
       " \n",
       "          [[ 6.13503677e-14, -2.34118450e-02,  8.10052811e-15,\n",
       "            -4.65705863e-02],\n",
       "           [-4.15703941e-04, -5.30340378e-15,  1.83561468e-27,\n",
       "            -1.05494729e-14],\n",
       "           [ 3.27635636e-16, -1.14999830e-04,  3.97900872e-17,\n",
       "            -2.28756405e-04],\n",
       "           [-9.97778857e-01, -2.23696424e-13, -4.68317594e-03,\n",
       "            -5.60867541e-14]]],\n",
       " \n",
       " \n",
       "         [[[ 2.29378071e-13, -9.97382461e-01,  7.90990289e-17,\n",
       "            -4.15703941e-04],\n",
       "           [-2.42461159e-02, -2.27841532e-13, -1.19097799e-04,\n",
       "            -1.39529050e-15],\n",
       "           [-3.85294738e-14, -4.68317594e-03, -1.89258169e-16,\n",
       "            -2.21599508e-27],\n",
       "           [-2.34118450e-02, -5.87101617e-14, -1.14999830e-04,\n",
       "            -1.34728074e-15]],\n",
       " \n",
       "          [[ 1.02328487e-25, -2.27841532e-13, -8.72867117e-27,\n",
       "            -5.30340378e-15],\n",
       "           [-2.27841532e-13, -2.74861605e-04, -1.67133541e-15,\n",
       "            -1.31047762e-04],\n",
       "           [-8.72867117e-27, -1.67133541e-15,  7.46224087e-28,\n",
       "             4.52346794e-16],\n",
       "           [-5.30340378e-15, -1.31047762e-04,  4.52346794e-16,\n",
       "             2.74861605e-04]],\n",
       " \n",
       "          [[ 2.21890042e-15, -4.68317594e-03, -1.97826963e-14,\n",
       "             1.83561468e-27],\n",
       "           [-1.19097799e-04, -1.67133541e-15,  1.06182123e-03,\n",
       "            -9.84913998e-17],\n",
       "           [-2.22538401e-13, -2.22114255e-03, -4.52462540e-16,\n",
       "            -4.15703941e-04],\n",
       "           [-1.14999830e-04,  2.16291277e-16,  1.02528562e-03,\n",
       "            -9.51024647e-17]],\n",
       " \n",
       "          [[ 2.59960427e-26, -5.87101617e-14,  1.83435421e-27,\n",
       "            -1.05494729e-14],\n",
       "           [-1.39529050e-15, -1.31047762e-04, -9.84913998e-17,\n",
       "             5.66234963e-04],\n",
       "           [-2.21851385e-27,  2.16291277e-16, -1.54957455e-28,\n",
       "             8.99803301e-16],\n",
       "           [-2.23696424e-13, -6.91196147e-04, -2.23490385e-15,\n",
       "             1.31047762e-04]]],\n",
       " \n",
       " \n",
       "         [[[ 5.11214699e-03,  7.90990289e-17, -9.98985827e-01,\n",
       "             3.27635636e-16],\n",
       "           [-3.85294738e-14, -8.72867117e-27, -2.22538401e-13,\n",
       "            -2.21851385e-27],\n",
       "           [-8.73305971e-02, -1.97826963e-14, -5.11214699e-03,\n",
       "            -5.02561124e-15],\n",
       "           [ 8.10052811e-15,  1.83435421e-27, -5.33669678e-14,\n",
       "             4.65063882e-28]],\n",
       " \n",
       "          [[ 2.21890042e-15, -1.19097799e-04, -2.22538401e-13,\n",
       "            -1.14999830e-04],\n",
       "           [-4.68317594e-03, -1.67133541e-15, -2.22114255e-03,\n",
       "             2.16291277e-16],\n",
       "           [-1.97826963e-14,  1.06182123e-03, -4.52462540e-16,\n",
       "             1.02528562e-03],\n",
       "           [ 1.83561468e-27, -9.84913998e-17, -4.15703941e-04,\n",
       "            -9.51024647e-17]],\n",
       " \n",
       "          [[ 4.81149806e-05, -1.89258169e-16, -5.11214699e-03,\n",
       "             3.97900872e-17],\n",
       "           [-1.89258169e-16,  7.46224087e-28, -4.52462540e-16,\n",
       "            -1.54957455e-28],\n",
       "           [-5.11214699e-03, -4.52462540e-16, -4.81149806e-05,\n",
       "            -5.90805646e-16],\n",
       "           [ 3.97900872e-17, -1.54957455e-28, -5.90805646e-16,\n",
       "             3.42601229e-29]],\n",
       " \n",
       "          [[ 5.63691153e-16, -1.14999830e-04, -5.33669678e-14,\n",
       "            -2.28756405e-04],\n",
       "           [-2.21599508e-27,  4.52346794e-16, -4.15703941e-04,\n",
       "             8.99803301e-16],\n",
       "           [-5.02561124e-15,  1.02528562e-03, -5.90805646e-16,\n",
       "             2.03948696e-03],\n",
       "           [-4.68317594e-03, -2.23490385e-15, -2.61753892e-03,\n",
       "            -4.25232301e-16]]],\n",
       " \n",
       " \n",
       "         [[[ 6.13503677e-14, -4.15703941e-04,  3.27635636e-16,\n",
       "            -9.97778857e-01],\n",
       "           [-2.34118450e-02, -5.30340378e-15, -1.14999830e-04,\n",
       "            -2.23696424e-13],\n",
       "           [ 8.10052811e-15,  1.83561468e-27,  3.97900872e-17,\n",
       "            -4.68317594e-03],\n",
       "           [-4.65705863e-02, -1.05494729e-14, -2.28756405e-04,\n",
       "            -5.60867541e-14]],\n",
       " \n",
       "          [[ 2.59960427e-26, -1.39529050e-15, -2.21851385e-27,\n",
       "            -2.23696424e-13],\n",
       "           [-5.87101617e-14, -1.31047762e-04,  2.16291277e-16,\n",
       "            -6.91196147e-04],\n",
       "           [ 1.83435421e-27, -9.84913998e-17, -1.54957455e-28,\n",
       "            -2.23490385e-15],\n",
       "           [-1.05494729e-14,  5.66234963e-04,  8.99803301e-16,\n",
       "             1.31047762e-04]],\n",
       " \n",
       "          [[ 5.63691153e-16, -2.21599508e-27, -5.02561124e-15,\n",
       "            -4.68317594e-03],\n",
       "           [-1.14999830e-04,  4.52346794e-16,  1.02528562e-03,\n",
       "            -2.23490385e-15],\n",
       "           [-5.33669678e-14, -4.15703941e-04, -5.90805646e-16,\n",
       "            -2.61753892e-03],\n",
       "           [-2.28756405e-04,  8.99803301e-16,  2.03948696e-03,\n",
       "            -4.25232301e-16]],\n",
       " \n",
       "          [[ 6.60481322e-27, -1.34728074e-15,  4.65063882e-28,\n",
       "            -5.60867541e-14],\n",
       "           [-1.34728074e-15,  2.74861605e-04, -9.51024647e-17,\n",
       "             1.31047762e-04],\n",
       "           [ 4.65063882e-28, -9.51024647e-17,  3.42601229e-29,\n",
       "            -4.25232301e-16],\n",
       "           [-5.60867541e-14,  1.31047762e-04, -4.25232301e-16,\n",
       "            -2.74861605e-04]]]],\n",
       " \n",
       " \n",
       " \n",
       "        [[[[-4.83930417e-05,  3.12155922e-13,  5.12916110e-03,\n",
       "            -1.01359219e-14],\n",
       "           [ 3.12155922e-13,  1.90715722e-25,  3.03794026e-15,\n",
       "            -8.36659878e-27],\n",
       "           [ 5.12916110e-03,  3.03794026e-15,  4.83930417e-05,\n",
       "            -1.33260780e-16],\n",
       "           [-1.01359219e-14, -8.36659878e-27, -1.33260780e-16,\n",
       "             3.67157562e-28]],\n",
       " \n",
       "          [[ 3.12155922e-13, -2.47245943e-02, -6.57236732e-14,\n",
       "            -2.38734983e-02],\n",
       "           [-9.97317415e-01, -3.12156006e-13, -4.69404797e-03,\n",
       "             9.53127000e-15],\n",
       "           [-3.87938878e-16, -1.21803203e-04, -3.23781000e-16,\n",
       "            -1.17610365e-04],\n",
       "           [-4.30751426e-04,  3.35411645e-16,  8.91454843e-28,\n",
       "             3.23865752e-16]],\n",
       " \n",
       "          [[ 5.12916110e-03, -6.57236732e-14, -8.83227636e-02,\n",
       "            -7.32371731e-15],\n",
       "           [-3.87938878e-16, -2.03265296e-26, -2.73148294e-14,\n",
       "            -2.26237729e-27],\n",
       "           [-9.98953119e-01, -3.04833423e-13, -5.12916110e-03,\n",
       "             1.68783441e-14],\n",
       "           [-7.09012297e-16,  8.91748155e-28,  1.19817875e-15,\n",
       "             9.88362994e-29]],\n",
       " \n",
       "          [[-1.01359219e-14, -2.38734983e-02, -7.32371731e-15,\n",
       "            -4.72309910e-02],\n",
       "           [-4.30751426e-04, -7.38315363e-15, -2.26751015e-27,\n",
       "            -1.46067266e-14],\n",
       "           [-7.09012297e-16, -1.17610365e-04, -3.60795494e-17,\n",
       "            -2.32678680e-04],\n",
       "           [-9.97723500e-01, -3.04185776e-13, -4.69404797e-03,\n",
       "             1.75551550e-14]]],\n",
       " \n",
       " \n",
       "         [[[ 3.12155922e-13, -9.97317415e-01, -3.87938878e-16,\n",
       "            -4.30751426e-04],\n",
       "           [-2.47245943e-02, -3.12156006e-13, -1.21803203e-04,\n",
       "             3.35411645e-16],\n",
       "           [-6.57236732e-14, -4.69404797e-03, -3.23781000e-16,\n",
       "             8.91454843e-28],\n",
       "           [-2.38734983e-02,  9.53127000e-15, -1.17610365e-04,\n",
       "             3.23865752e-16]],\n",
       " \n",
       "          [[ 1.90715722e-25, -3.12156006e-13, -2.03265296e-26,\n",
       "            -7.38315363e-15],\n",
       "           [-3.12156006e-13, -2.85830305e-04, -2.61093630e-15,\n",
       "            -1.34731201e-04],\n",
       "           [-2.03265296e-26, -2.61093630e-15,  2.16641630e-27,\n",
       "             7.86890019e-16],\n",
       "           [-7.38315363e-15, -1.34731201e-04,  7.86890019e-16,\n",
       "             2.85830305e-04]],\n",
       " \n",
       "          [[ 3.03794026e-15, -4.69404797e-03, -2.73148294e-14,\n",
       "            -2.26751015e-27],\n",
       "           [-1.21803203e-04, -2.61093630e-15,  1.09516100e-03,\n",
       "             9.08106727e-17],\n",
       "           [-3.04833423e-13, -2.27650017e-03, -5.14688653e-16,\n",
       "            -4.30751426e-04],\n",
       "           [-1.17610365e-04,  2.11138501e-16,  1.05746222e-03,\n",
       "             8.76846921e-17]],\n",
       " \n",
       "          [[-8.36659878e-27,  9.53127000e-15, -2.26237729e-27,\n",
       "            -1.46067266e-14],\n",
