{
 "cells": [
  {
   "cell_type": "code",
   "execution_count": 1,
   "id": "a2058498",
   "metadata": {},
   "outputs": [],
   "source": [
    "import sys\n",
    "sys.path.append('/home/jam1042/anaconda3/envs/skl_pys/lib/python3.9/site-packages/')\n",
    "import numpy as np\n",
    "from qmlearn.model import QMModel\n",
    "from qmlearn.drivers.mol import QMMol\n",
    "from qmlearn.api.api4ase import QMLCalculator\n",
    "from qmlearn.io.model import db2qmmodel #Read data base and generate the model\n",
    "\n",
    "\n",
    "from ase.build import molecule\n",
    "from ase.optimize import LBFGS\n",
    "from ase import Atoms\n",
    "\n",
    "# from sklearn.linear_model import LinearRegression\n",
    "# from sklearn.linear_model import Ridge\n",
    "from sklearn.metrics import mean_squared_error, r2_score,mean_absolute_error\n",
    "from sklearn.model_selection import train_test_split\n",
    "from matplotlib import pyplot as plt\n",
    "from qmlearn.io.hdf5 import DBHDF5\n",
    "\n",
    "# from sklearn.linear_model import RidgeCV\n"
   ]
  },
  {
   "cell_type": "markdown",
   "id": "27cd4688",
   "metadata": {},
   "source": [
    "#### Open DB"
   ]
  },
  {
   "cell_type": "code",
   "execution_count": 2,
   "id": "1c18b489",
   "metadata": {},
   "outputs": [],
   "source": [
    "dbfile = '../H2_QML_sett.hdf5'     # <p^+ q r^+ s>\n",
    "# dbfile = '../H2_QML_set_f.hdf5'  # Normal RDM <p^+ r^+ s q>\n",
    "db = DBHDF5(dbfile)\n",
    "refqmmol = db.read_qmmol(db.get_names('fci/qmmol')[0])\n",
    "train_atoms = db.read_images(db.get_names('fci/train_atoms*')[0])\n",
    "data_test = db.read_properties(db.get_names('fci/test_props_*')[0])\n",
    "data_train = db.read_properties(db.get_names('fci/train_props_*')[0])"
   ]
  },
  {
   "cell_type": "code",
   "execution_count": 3,
   "id": "aaa9cac3",
   "metadata": {},
   "outputs": [],
   "source": [
    "# data_test"
   ]
  },
  {
   "cell_type": "code",
   "execution_count": 4,
   "id": "76275bb9",
   "metadata": {},
   "outputs": [
    {
     "data": {
      "text/plain": [
       "['fci',\n",
       " 'fci/qmmol',\n",
       " 'fci/test_atoms_18',\n",
       " 'fci/test_props_18',\n",
       " 'fci/train_atoms_162',\n",
       " 'fci/train_props_162',\n",
       " 'hf',\n",
       " 'hf/qmmol',\n",
       " 'hf/test_atoms_18',\n",
       " 'hf/test_props_18',\n",
       " 'hf/train_atoms_162',\n",
       " 'hf/train_props_162']"
      ]
     },
     "execution_count": 4,
     "metadata": {},
     "output_type": "execute_result"
    }
   ],
   "source": [
    "db.names\n",
    "# db.get_names('*/train*')\n",
    "# db.get_names('*/qmmol')"
   ]
  },
  {
   "cell_type": "code",
   "execution_count": 5,
   "id": "7ee85ba6",
   "metadata": {},
   "outputs": [],
   "source": [
    "train_atoms_hf= db.read_images(db.get_names('hf/train_atoms*')[0])\n",
    "data_test_hf = db.read_properties(db.get_names('hf/test_props_*')[0])\n",
    "data_train_hf = db.read_properties(db.get_names('hf/train_props_*')[0])"
   ]
  },
  {
   "cell_type": "code",
   "execution_count": 6,
   "id": "f1df6386",
   "metadata": {},
   "outputs": [],
   "source": [
    "db.close()"
   ]
  },
  {
   "cell_type": "markdown",
   "id": "4d67bff6",
   "metadata": {},
   "source": [
    "##### Pre processing Data"
   ]
  },
  {
   "cell_type": "code",
   "execution_count": 7,
   "id": "c21364db",
   "metadata": {},
   "outputs": [],
   "source": [
    "def rav_mat(data=None):\n",
    "    '''Function to ravel (Flattening) Axis=1 of Vext and Gamma2'''\n",
    "    m=np.zeros([np.shape(data)[0],np.shape(data[0].ravel())[0]])\n",
    "    for i in np.arange(0,np.shape(data)[0]):\n",
    "        m[i]=data[i].ravel()\n",
    "    return m"
   ]
  },
  {
   "cell_type": "code",
   "execution_count": 8,
   "id": "dccd7949",
   "metadata": {},
   "outputs": [],
   "source": [
    "# n_s=len(data_train['gamma2'])"
   ]
  },
  {
   "cell_type": "code",
   "execution_count": 9,
   "id": "739b2fc9",
   "metadata": {},
   "outputs": [],
   "source": [
    "# b_s=len(data_train['gamma2'][1])"
   ]
  },
  {
   "cell_type": "code",
   "execution_count": 10,
   "id": "c67a0171",
   "metadata": {},
   "outputs": [],
   "source": [
    "# a=np.reshape(data_train['gamma2'],(n_s,(b_s**4)))"
   ]
  },
  {
   "cell_type": "code",
   "execution_count": 11,
   "id": "1fdc3daf",
   "metadata": {},
   "outputs": [],
   "source": [
    "# np.shape(a)"
   ]
  },
  {
   "cell_type": "code",
   "execution_count": 12,
   "id": "b1192409",
   "metadata": {},
   "outputs": [],
   "source": [
    "# v=np.reshape(a,(n_s,b_s,b_s,b_s,b_s))"
   ]
  },
  {
   "cell_type": "code",
   "execution_count": 13,
   "id": "759e80f2",
   "metadata": {},
   "outputs": [],
   "source": [
    "# data_train['gamma2']==v"
   ]
  },
  {
   "cell_type": "code",
   "execution_count": 14,
   "id": "cdc2d228",
   "metadata": {},
   "outputs": [],
   "source": [
    "# data_train['gamma2']==y"
   ]
  },
  {
   "cell_type": "code",
   "execution_count": 15,
   "id": "ba24920f",
   "metadata": {},
   "outputs": [],
   "source": [
    "# y=np.reshape(y_tr,(n_s,b_s,b_s,b_s,b_s))"
   ]
  },
  {
   "cell_type": "code",
   "execution_count": 16,
   "id": "9ab66d8c",
   "metadata": {},
   "outputs": [],
   "source": [
    "X_tr=rav_mat(data=data_train['vext'])\n",
    "y_tr=rav_mat(data=data_train['gamma2'])"
   ]
  },
  {
   "cell_type": "code",
   "execution_count": 17,
   "id": "6862c678",
   "metadata": {
    "scrolled": true
   },
   "outputs": [
    {
     "data": {
      "text/plain": [
       "array([[[[ 1.99427428e+00, -5.07511579e-12,  9.76674085e-03,\n",
       "           3.58548284e-13],\n",
       "         [-5.07511579e-12,  1.29156750e-23, -2.48548262e-14,\n",
       "          -9.12492298e-25],\n",
       "         [ 9.76674085e-03, -2.48548262e-14,  4.78315483e-05,\n",
       "           1.75595112e-15],\n",
       "         [ 3.58548284e-13, -9.12492298e-25,  1.75595112e-15,\n",
       "           6.44691637e-26]],\n",
       "\n",
       "        [[-5.07511579e-12, -2.38526173e-02,  5.13193708e-13,\n",
       "          -2.30311589e-02],\n",
       "         [ 0.00000000e+00,  6.07011762e-14, -8.67362391e-19,\n",
       "           5.86106931e-14],\n",
       "         [-2.48548262e-14, -1.16815592e-04,  2.51331023e-15,\n",
       "          -1.12792589e-04],\n",
       "         [-4.56203092e-25, -4.28843469e-15,  9.22518104e-26,\n",
       "          -4.14074561e-15]],\n",
       "\n",
       "        [[ 9.76674085e-03,  5.13193708e-13, -8.64873534e-02,\n",
       "           3.42869326e-14],\n",
       "         [-2.48548262e-14, -1.30610004e-24,  2.20096772e-13,\n",
       "          -8.72316575e-26],\n",
       "         [ 4.78315483e-05,  2.51331023e-15, -4.23562382e-04,\n",
       "           1.67916514e-16],\n",
       "         [ 1.75595112e-15,  9.22812048e-26, -1.55494620e-14,\n",
       "           6.16107621e-27]],\n",
       "\n",
       "        [[ 3.58548284e-13, -2.30311589e-02,  3.42869326e-14,\n",
       "          -4.60216286e-02],\n",
       "         [-4.56203092e-25,  5.86106931e-14, -8.72780919e-26,\n",
       "           1.17117839e-13],\n",
       "         [ 1.75595112e-15, -1.12792589e-04,  1.67916514e-16,\n",
       "          -2.25385908e-04],\n",
       "         [ 1.10913882e-16, -4.14074561e-15,  3.08387014e-27,\n",
       "          -8.27417577e-15]]],\n",
       "\n",
       "\n",
       "       [[[-5.07511579e-12,  0.00000000e+00, -2.48548262e-14,\n",
       "          -4.56203092e-25],\n",
       "         [-2.38526173e-02,  6.07011762e-14, -1.16815592e-04,\n",
       "          -4.28843469e-15],\n",
       "         [ 5.13193708e-13, -8.67362391e-19,  2.51331023e-15,\n",
       "           9.22518104e-26],\n",
       "         [-2.30311589e-02,  5.86106931e-14, -1.12792589e-04,\n",
       "          -4.14074561e-15]],\n",
       "\n",
       "        [[ 1.29156750e-23,  6.07011762e-14, -1.30610004e-24,\n",
       "           5.86106931e-14],\n",
       "         [ 6.07011762e-14,  2.85290423e-04, -6.13807902e-15,\n",
       "           2.75465328e-04],\n",
       "         [-1.30610004e-24, -6.13807902e-15,  1.32096922e-25,\n",
       "          -5.92669019e-15],\n",
       "         [ 5.86106931e-14,  2.75465328e-04, -5.92669019e-15,\n",
       "           2.65978599e-04]],\n",
       "\n",
       "        [[-2.48548262e-14, -8.67362391e-19,  2.20096772e-13,\n",
       "          -8.72780919e-26],\n",
       "         [-1.16815592e-04, -6.13807902e-15,  1.03443632e-03,\n",
       "          -4.10090572e-16],\n",
       "         [ 2.51331023e-15,  0.00000000e+00, -2.22560988e-14,\n",
       "           4.41555179e-27],\n",
       "         [-1.12792589e-04, -5.92669019e-15,  9.98811444e-04,\n",
       "          -3.95967495e-16]],\n",
       "\n",
       "        [[-9.12492298e-25,  5.86106931e-14, -8.72316575e-26,\n",
       "           1.17117839e-13],\n",
       "         [-4.28843469e-15,  2.75465328e-04, -4.10090572e-16,\n",
       "           5.50443991e-04],\n",
       "         [ 9.22812048e-26, -5.92669019e-15,  8.81525351e-27,\n",
       "          -1.18429097e-14],\n",
       "         [-4.14074561e-15,  2.65978599e-04, -3.95967495e-16,\n",
       "           5.31487293e-04]]],\n",
       "\n",
       "\n",
       "       [[[ 9.76674085e-03, -2.48548262e-14,  4.78315483e-05,\n",
       "           1.75595112e-15],\n",
       "         [ 5.13193708e-13, -1.30610004e-24,  2.51331023e-15,\n",
       "           9.22812048e-26],\n",
       "         [-8.64873534e-02,  2.20096772e-13, -4.23562382e-04,\n",
       "          -1.55494620e-14],\n",
       "         [ 3.42869326e-14, -8.72316575e-26,  1.67916514e-16,\n",
       "           6.16107621e-27]],\n",
       "\n",
       "        [[-2.48548262e-14, -1.16815592e-04,  2.51331023e-15,\n",
       "          -1.12792589e-04],\n",
       "         [-8.67362391e-19, -6.13807902e-15,  0.00000000e+00,\n",
       "          -5.92669019e-15],\n",
       "         [ 2.20096772e-13,  1.03443632e-03, -2.22560988e-14,\n",
       "           9.98811444e-04],\n",
       "         [-8.72780919e-26, -4.10090572e-16,  4.41555179e-27,\n",
       "          -3.95967495e-16]],\n",
       "\n",
       "        [[ 4.78315483e-05,  2.51331023e-15, -4.23562382e-04,\n",
       "           1.67916514e-16],\n",
       "         [ 2.51331023e-15,  1.32096922e-25, -2.22560988e-14,\n",
       "           8.81525351e-27],\n",
       "         [-4.23562382e-04, -2.22560988e-14,  3.75076906e-03,\n",
       "          -1.48694995e-15],\n",
       "         [ 1.67916514e-16,  8.81525351e-27, -1.48694995e-15,\n",
       "           5.91281183e-28]],\n",
       "\n",
       "        [[ 1.75595112e-15, -1.12792589e-04,  1.67916514e-16,\n",
       "          -2.25385908e-04],\n",
       "         [ 9.22518104e-26, -5.92669019e-15,  4.41555179e-27,\n",
       "          -1.18429097e-14],\n",
       "         [-1.55494620e-14,  9.98811444e-04, -1.48694995e-15,\n",
       "           1.99585829e-03],\n",
       "         [ 3.08387014e-27, -3.95967495e-16, -1.08420217e-19,\n",
       "          -7.91235433e-16]]],\n",
       "\n",
       "\n",
       "       [[[ 3.58548284e-13, -4.56203092e-25,  1.75595112e-15,\n",
       "           1.10913882e-16],\n",
       "         [-2.30311589e-02,  5.86106931e-14, -1.12792589e-04,\n",
       "          -4.14074561e-15],\n",
       "         [ 3.42869326e-14, -8.72780919e-26,  1.67916514e-16,\n",
       "           3.08387014e-27],\n",
       "         [-4.60216286e-02,  1.17117839e-13, -2.25385908e-04,\n",
       "          -8.27417577e-15]],\n",
       "\n",
       "        [[-9.12492298e-25, -4.28843469e-15,  9.22812048e-26,\n",
       "          -4.14074561e-15],\n",
       "         [ 5.86106931e-14,  2.75465328e-04, -5.92669019e-15,\n",
       "           2.65978599e-04],\n",
       "         [-8.72316575e-26, -4.10090572e-16,  8.81525351e-27,\n",
       "          -3.95967495e-16],\n",
       "         [ 1.17117839e-13,  5.50443991e-04, -1.18429097e-14,\n",
       "           5.31487293e-04]],\n",
       "\n",
       "        [[ 1.75595112e-15,  9.22518104e-26, -1.55494620e-14,\n",
       "           3.08387014e-27],\n",
       "         [-1.12792589e-04, -5.92669019e-15,  9.98811444e-04,\n",
       "          -3.95967495e-16],\n",
       "         [ 1.67916514e-16,  4.41555179e-27, -1.48694995e-15,\n",
       "          -1.08420217e-19],\n",
       "         [-2.25385908e-04, -1.18429097e-14,  1.99585829e-03,\n",
       "          -7.91235433e-16]],\n",
       "\n",
       "        [[ 6.44691637e-26, -4.14074561e-15,  6.16107621e-27,\n",
       "          -8.27417577e-15],\n",
       "         [-4.14074561e-15,  2.65978599e-04, -3.95967495e-16,\n",
       "           5.31487293e-04],\n",
       "         [ 6.16107621e-27, -3.95967495e-16,  5.91281183e-28,\n",
       "          -7.91235433e-16],\n",
       "         [-8.27417577e-15,  5.31487293e-04, -7.91235433e-16,\n",
       "           1.06203561e-03]]]])"
      ]
     },
     "execution_count": 17,
     "metadata": {},
     "output_type": "execute_result"
    }
   ],
   "source": [
    "data_train['gamma2'][0]"
   ]
  },
  {
   "cell_type": "code",
   "execution_count": 18,
   "id": "5d636bca",
   "metadata": {},
   "outputs": [],
   "source": [
    "X_tr_hf=rav_mat(data=data_train_hf['vext'])"
   ]
  },
  {
   "cell_type": "code",
   "execution_count": 19,
   "id": "8c51ee9b",
   "metadata": {},
   "outputs": [],
   "source": [
    "X_te=rav_mat(data=data_test['vext'])\n",
    "y_te=rav_mat(data=data_test['gamma2'])"
   ]
  },
  {
   "cell_type": "code",
   "execution_count": 20,
   "id": "df19daa3",
   "metadata": {},
   "outputs": [],
   "source": [
    "X_te_hf=rav_mat(data=data_test_hf['vext'])"
   ]
  },
  {
   "cell_type": "code",
   "execution_count": 21,
   "id": "3069b02f",
   "metadata": {},
   "outputs": [],
   "source": [
    "X=np.concatenate([X_tr,X_te])\n",
    "Y=np.concatenate([y_tr,y_te])"
   ]
  },
  {
   "cell_type": "markdown",
   "id": "e28ba29d",
   "metadata": {},
   "source": [
    "##### Define model/models and fit it/them"
   ]
  },
  {
   "cell_type": "code",
   "execution_count": 22,
   "id": "5fefd11f",
   "metadata": {},
   "outputs": [],
   "source": [
    "from sklearn.kernel_ridge import KernelRidge\n",
    "from sklearn.linear_model import LinearRegression\n",
    "from sklearn.linear_model import RidgeCV  #CrossValidation MRR\n",
    "from sklearn.linear_model import Ridge\n",
    "\n",
    "mmodels={\n",
    "    'k_r': KernelRidge(alpha=0.1,kernel='linear'),\n",
    "    'r_cv': RidgeCV(alphas=[1e-5,1e-4,1e-3, 1e-2, 1e-1,1e-1,1.5e-1]),\n",
    "    'l_r': Ridge(alpha=0.15),\n",
    "}"
   ]
  },
  {
   "cell_type": "code",
   "execution_count": 23,
   "id": "04c72791",
   "metadata": {},
   "outputs": [],
   "source": [
    "model = QMModel(mmodels=mmodels, refqmmol = refqmmol) #Build the model"
   ]
  },
  {
   "cell_type": "code",
   "execution_count": 24,
   "id": "520e2bf7",
   "metadata": {},
   "outputs": [],
   "source": [
    "met='k_r'"
   ]
  },
  {
   "cell_type": "code",
   "execution_count": 25,
   "id": "6af1085e",
   "metadata": {},
   "outputs": [],
   "source": [
    "model.fit(X_tr,y_tr, method = met); #Train the model"
   ]
  },
  {
   "cell_type": "markdown",
   "id": "4a828f70",
   "metadata": {},
   "source": [
    "#### Calculate Energy with predict 2-RDM"
   ]
  },
  {
   "cell_type": "code",
   "execution_count": 26,
   "id": "77628835",
   "metadata": {
    "scrolled": true
   },
   "outputs": [
    {
     "name": "stdout",
     "output_type": "stream",
     "text": [
      "0.007597638142167185\n",
      "0.007113517333941388\n",
      "0.006568319348810192\n",
      "0.0042826264289241855\n",
      "0.002956633756104221\n",
      "0.003982898906920607\n",
      "0.0018434358051795385\n",
      "0.0022491674120797\n",
      "0.0008846166511813358\n",
      "0.0017950631041654397\n",
      "0.00014983140360813607\n",
      "-0.00012310757039379894\n",
      "0.0008826894261182439\n",
      "-0.0004741467487483497\n",
      "0.0008137874278113522\n",
      "0.001594073034919763\n",
      "0.0016100035369084331\n",
      "5.3359547944609176e-05\n",
      "0.0018155954916401207\n",
      "0.00016897580470853768\n",
      "0.0021543036857574194\n",
      "0.00047011878733549395\n",
      "0.0030517691733011887\n",
      "0.001272653946510438\n",
      "0.004132416236757752\n",
      "0.004091822404355128\n",
      "0.0018616397381259198\n",
      "0.0022201803579133816\n",
      "0.0037027389363148977\n",
      "0.006171244945456955\n",
      "0.004811156391072657\n",
      "0.003793585031859781\n",
      "0.005947730863269385\n",
      "0.004612120369199779\n",
      "0.007081617465194867\n",
      "0.007638683370391863\n",
      "0.005805206421892972\n",
      "0.01001082213640947\n",
      "0.012944045786742908\n",
      "0.018545997754239263\n",
      "0.010611762116385481\n",
      "0.019724473501810724\n",
      "0.014292256679249826\n",
      "0.011129293075927915\n",
      "0.0214384676549213\n",
      "0.0114151928454862\n",
      "0.015402446488600674\n",
      "0.015634786679136203\n",
      "0.019462914030887513\n",
      "0.01984818185838666\n",
      "0.019848181858387548\n",
      "0.011949577499484887\n",
      "0.012002408402815856\n",
      "0.011982565273760848\n",
      "0.022796914921600298\n",
      "0.02339020055640617\n",
      "0.016578209609476646\n",
      "0.011236685883206032\n",
      "0.010908055163433517\n",
      "0.030215641316539088\n",
      "0.030464624506576943\n",
      "0.00968688714498045\n",
      "0.03076894338056002\n",
      "0.008753394663840508\n",
      "0.00827425189370068\n",
      "0.030878532191862984\n",
      "0.02695244360790383\n",
      "0.006875758230965978\n",
      "0.006444769563148656\n",
      "0.009248807779663748\n",
      "0.008634876977256178\n",
      "0.028006297237629152\n",
      "0.007520394390291729\n",
      "0.0288340271100207\n",
      "0.029623202982810515\n",
      "0.004255017248438575\n",
      "0.003927398647104452\n",
      "0.004457680812794296\n",
      "0.004282204803245593\n",
      "0.003312596558380676\n",
      "0.0032257371661450485\n",
      "0.03109791445832255\n",
      "0.03143386237758383\n",
      "0.004323551394930014\n",
      "0.03216021142727654\n",
      "0.031366211853820936\n",
      "0.031680078371384646\n",
      "0.005205655495291062\n",
      "0.004097451308673783\n",
      "0.005808232500027266\n",
      "0.03440702733323531\n",
      "0.005934633022173674\n",
      "0.03436015985021501\n",
      "0.03520534418231214\n",
      "0.007184803280583463\n",
      "0.035483017611737666\n",
      "0.006615677442538104\n",
      "0.03562783892463539\n",
      "0.007851954014872708\n",
      "0.03564559840301729\n",
      "0.03440414026133398\n",
      "0.034273780893579575\n",
      "0.008187174864326408\n",
      "0.03393413165860326\n",
      "0.03372846196204471\n",
      "0.006656890518559222\n",
      "0.008201656110061628\n",
      "0.03472639551257051\n",
      "0.032714049445938365\n",
      "0.006126202611221987\n",
      "0.005950827411616344\n",
      "0.03181049646118983\n",
      "0.005558256851695975\n",
      "0.033499730539098715\n",
      "0.030843805281666414\n",
      "0.004885721318012015\n",
      "0.03018707700902379\n",
      "0.004397277537634858\n",
      "0.004144806483417085\n",
      "0.0038883807556733263\n",
      "0.003629077723591445\n",
      "0.0033679067084533276\n",
      "0.0031058077726506816\n",
      "0.0028436514634850862\n",
      "0.0025822393492695994\n",
      "0.0023223052039225145\n",
      "0.0020645167137658404\n",
      "0.0018094775966965848\n",
      "0.001557730039610794\n",
      "0.0013097573730522782\n",
      "0.030781069749142853\n",
      "0.0008267929281362552\n",
      "0.0005924996372237423\n",
      "0.0003633842765546902\n",
      "0.00013968012540721553\n",
      "-7.842048912576338e-05\n",
      "-0.0002907632453825748\n",
      "-0.0004972289531128826\n",
      "-0.000697730765810034\n",
      "-0.000892211490044259\n",
      "-0.0010806409994443822\n",
      "-0.001263013759728926\n",
      "-0.0014393464685735768\n",
      "-0.0016096758132970734\n",
      "-0.0017740563477333104\n",
      "-0.0019325584887901481\n",
      "-0.0020852666322310753\n",
      "-0.0022322773865908196\n",
      "-0.0023736979233361932\n",
      "-0.002509644440996439\n",
      "-0.0026402407403223194\n",
      "-0.0027656169074157244\n",
      "-0.0028859081011880505\n",
      "-0.0030012534412673375\n",
      "-0.0031117949924801547\n",
      "-0.0032176768414315937\n",
      "-0.003319044261004267\n",
      "-0.0034160429581973073\n",
      "-0.003508818400732472\n",
      "-0.0035975152180851566\n",
      "-0.0036822766719830646\n",
      "-0.0037632441923256543\n"
     ]
    }
   ],
   "source": [
    "p_e=[]\n",
    "e_e=[]\n",
    "gamma_p=[]\n",
    "for i in np.arange(0,len(data_train['gamma2'])):\n",
    "    itest=i\n",
    "    qmmol=model.refqmmol.duplicate(train_atoms[itest])\n",
    "    gamma = model.predict(qmmol.vext, method = met)\n",
    "#     gamma = model.predict(X_tr[itest], method = met)\n",
    "    \n",
    "    gamma_p.append(gamma)\n",
    "    shape = data_train['gamma2'][0].shape\n",
    "    gamma = gamma.reshape(shape)\n",
    "    predicted_energy=qmmol.calc_etotal2(gamma,gamma1=data_train['gamma'][itest])\n",
    "    p_e.append(predicted_energy)\n",
    "    exact_energy=data_train['energy'][itest]\n",
    "    e_e.append(exact_energy)\n",
    "    print(predicted_energy-exact_energy)"
   ]
  },
  {
   "cell_type": "markdown",
   "id": "510a2bba",
   "metadata": {},
   "source": [
    "##### Plot the total Energy"
   ]
  },
  {
   "cell_type": "code",
   "execution_count": 27,
   "id": "889a6dfe",
   "metadata": {},
   "outputs": [],
   "source": [
    "npoints_1=50\n",
    "R1_begin=0.05\n",
    "R1_end=0.7\n",
    "R1=np.linspace(start=R1_begin,stop=R1_end,num=npoints_1)\n",
    "\n",
    "npoints_2 = 130\n",
    "R2_begin=0.7\n",
    "R2_end=4.5\n",
    "R2 = np.linspace(start=R2_begin,stop=R2_end,num=npoints_2)\n",
    "\n",
    "R=np.concatenate([R1,R2])"
   ]
  },
  {
   "cell_type": "code",
   "execution_count": 28,
   "id": "9cdfaed8",
   "metadata": {},
   "outputs": [
    {
     "data": {
      "text/plain": [
       "<matplotlib.legend.Legend at 0x7fd3603ced50>"
      ]
     },
     "execution_count": 28,
     "metadata": {},
     "output_type": "execute_result"
    },
    {
     "data": {
